39937
40119
14401
36431
13554
32294
41064
38991
30393
48905
35466
40810
41954
28108
26754
2139
33674
28803
49566
23269
14709
42620
25748
29155
23485
38272
47826
26782
5455
18787
14869
21278
19918
33618
42586
36856
21055
42415
13249
24139
39564
24357
10070
42525
9746
41156
6532
39830
48352
34741
49946
5989
32889
29051
15063
32498
24524
27042
29984
15529
3918
14562
45244
43020
41169
6640
36678
37940
19170
48489
28623
35929
19357
18019
30283
39697
38939
25533
9641
46208
45455
26460
20369
18513
7375
40196
27854
45073
40113
15558
22766
20527
7428
36271
6069
5394
25135
14687
9269
18288
36729
29536
30185
8775
12191
26895
29321
25563
15679
45051
26365
49376
14941
36783
37106
42762
12685
31626
16149
47680
9703
45887
13020
33375
24297
13100
7159
44793
39808
41660
10187
27307
36294
14554
2669
17440
4821
35352
43405
32652
14522
34138
1629
37850
39874
18376
46700
1310
25818
33127
7433
45032
2092
26837
38454
27941
26164
42427
21107
30993
29198
17545
37173
27315
42057
17371
38896
23150
2582
5671
15651
7852
6719
41630
45335
4021
29626
30542
45150
5513
37841
4450
49274
37999
1614
12867
27109
15304
1163
684
10694
48837
22230
42317
31038
24449
48844
37639
2208
28979
46179
12786
33570
255
45781
30976
18255
14353
43585
5948
26238
15805
42231
35393
6424
13082
2113
24995
1620
20384
44762
30821
35823
22619
9229
49753
983
45771
14772
31975
11226
5493
37246
35513
11928
26633
16060
9552
39451
46819
34342
8899
17058
38158
10733
24764
49665
12581
28119
9769
1922
17391
47033
1240
14080
16348
