17399
41
25428
40859
12312
21152
22988
13126
41595
8017
42666
11857
23723
27396
10616
5475
29372
32133
42253
9774
24272
39741
4854
28952
25854
22088
29337
7870
1798
28600
18879
37250
24016
22438
15253
45895
9826
4576
17371
11839
8220
20005
36809
49385
38341
20316
44807
10094
5142
48378
10106
20624
11430
23137
41143
41174
29349
24762
23511
3303
17136
18235
37411
44843
17460
25402
21901
30081
44630
13032
35569
48533
15751
27922
36741
48438
28063
25756
20283
3212
12289
44267
22338
33927
44949
9346
42221
1070
13445
12097
17093
11038
34709
47336
44914
38786
34936
17224
23003
4707
15647
5248
7394
30050
33099
39633
385
48544
21999
21635
10096
15824
48807
24186
16770
4250
23809
25861
25973
16362
31591
17810
28206
15622
25037
545
42441
20675
45598
48057
45517
18246
31188
8905
26284
9216
27582
14466
27126
27476
23175
11570
11750
15140
36135
43413
35783
13774
23152
1767
16649
10031
48465
19024
4561
35673
5020
40980
26841
8261
37360
1485
20574
47332
18082
31333
3081
13271
23634
44888
38835
25683
27318
1868
17311
7455
1202
31281
31863
5625
37397
5802
19762
26867
35031
25696
15824
43762
21793
19044
25228
13401
46296
22573
3325
6543
48085
19346
23529
36174
48010
13371
11827
29568
47892
47644
25569
6225
32434
35190
4932
8904
26010
40992
25377
12127
46849
46205
41206
27162
27252
47435
48295
17274
11249
24568
40760
21888
35847
31880
5218
26278
2606
41335
11476
25868
8108
29868
43681
47840
1043
44143
19982
36319
17225
18702
35300
15458
36814
36802
20676
20180
19288
13566
438
36321
30834
44016
25403
3072
45707
6505
43634
20170
15847
3394
35918
37099
22226
3067
6050
10669
7235
37696
45240
43685
16028
1208
9091
32544
3452
22195
27458
40307
29128
3033
36324
37874
31798
3564
38513
22888
28909
15594
6227
49474
20572
34085
32033
29627
12431
43120
18291
741
157
804
13490
35588
26957
31832
21030
21045
1330
1018
42291
4981
27684
49284
47207
1814
5717
49298
49072
1225
16879
35233
39215
21463
16780
2162
41329
19482
2355
39651
31997
7224
21436
41772
41463
18424
43048
34088
5814
8655
23061
4823
7804
49905
18097
37101
355
15077
39793
37201
15295
40338
30646
10390
34805
10968
7137
46255
9112
21103
5201
21590
28638
14383
36335
30778
6335
1886
42278
40229
26522
13625
22692
35795
40318
9150
23992
2793
2853
47216
36661
30065
12743
8617
44371
29408
20144
6373
10807
46345
3268
3487
39942
6516
25875
43489
21452
35664
41600
49886
24346
12309
26282
1639
3207
24067
23958
2293
39447
27204
44002
31281
15427
48047
25730
19722
27947
968
27861
32305
36448
19994
48642
28943
2055
4271
41515
42431
29599
17570
23644
22819
39484
37232
39254
44913
10018
13090
27614
11735
40231
10546
8902
13338
42096
36568
14350
2712
20503
6179
25722
28678
46389
41968
5806
13446
14178
34387
1416
49343
35821
28242
28547
15556
23875
18462
3916
28645
27713
19811
21201
17546
25454
46059
38989
17636
6149
28923
2353
34306
23922
45879
17281
38341
32175
8383
9915
32239
45932
42523
21365
34863
35781
40358
783
10106
17679
46947
11425
41311
39411
15554
18622
4746
47796
28661
32601
3512
39593
16021
35427
35591
31234
23480
23689
41230
4513
22481
32084
49716
33426
6004
33667
28286
14071
12864
41451
1395
45382
47933
13433
9202
28608
15193
39767
27242
15946
41159
4403
19042
39079
38240
13956
47533
39213
40935
35415
34516
47392
31462
17290
42300
44034
32452
42397
35773
41660
39353
41762
12371
6037
3018
36177
45841
48209
3107
12871
26814
12587
40854
49068
45655
21124
13435
33460
21412
35803
49857
35205
25623
38641
8071
23700
39939
32263
49019
14349
26815
48203
3316
9425
17303
36583
23440
25271
26530
44184
12876
18917
35498
41068
37667
25204
4716
28048
8253
17255
22212
15210
39229
9433
47109
13523
35658
27965
37194
2906
11181
40062
31850
46237
8982
20414
48237
41339
37631
1954
23659
49713
2030
43472
16028
27892
40660
5236
46659
39157
5890
36660
31595
3357
27884
41981
25323
7105
23542
36210
44508
4537
4699
22104
1741
4539
21655
17671
31321
19909
25912
35460
40473
30941
30174
4111
12621
44763
42176
13219
143
4645
43076
34668
30260
5370
29835
42692
34952
37951
2123
14992
16660
45534
41259
32039
2647
17887
18644
29738
3927
45076
43299
4191
15449
48383
45336
23278
13701
39342
18349
7990
11205
2278
44652
11934
330
23552
43038
43288
47991
35438
4898
19694
34137
21277
36439
966
27875
32055
8442
42012
22853
11193
8315
22670
16041
43362
46428
42892
7863
12618
16608
49380
90
1716
12391
49304
12390
44268
23575
48491
10840
27577
47944
42560
2219
20395
31557
3891
7465
7247
16671
2390
822
17567
45773
35597
20662
14928
17883
437
43292
45083
1222
46181
27976
18710
719
17978
47822
29539
15340
20447
28099
26475
48731
987
16133
47373
11937
22860
48239
23271
43369
37116
38580
13806
3907
35612
14526
27891
33171
44619
789
13083
5174
8411
12331
44851
17901
23293
49867
38373
42756
43322
1288
6408
44685
1934
3928
34241
10308
19297
16659
10828
46929
7766
13701
12394
6899
1192
3615
42873
12368
1040
23930
13066
13838
49128
10009
24457
2507
12176
45292
20990
23505
18510
23972
26895
47994
16031
41224
27070
7068
36467
19807
25737
31401
43406
16138
1013
46875
35486
43941
45381
19686
43207
14581
23921
48041
28585
9207
10536
49610
12945
49308
9016
29265
35681
47003
14673
42821
35821
16507
13291
10850
46901
4114
10559
30838
17694
4301
30671
32308
432
303
34563
19692
1912
31994
9246
1427
25035
39193
32670
2103
12376
34494
10004
22273
48270
37587
38121
2870
39011
1002
29938
8696
2348
44774
35151
37241
24299
11354
43058
40193
21276
22515
49394
3369
31905
42250
44206
47207
30570
5619
44389
45108
43508
35266
17013
24202
25897
35458
21057
43692
9638
24911
7768
31434
31554
28291
33109
33302
15034
7905
29627
7309
34043
33176
7275
25754
34942
30012
3429
45518
5405
35775
42476
6076
19032
38075
12378
19651
43432
45755
24510
8498
23614
22223
39593
19452
6084
27661
34036
44151
14367
42965
36320
7808
24759
448
1903
34260
26189
23646
43140
19859
15008
9005
3882
19814
35872
49229
16073
29697
45222
17596
