272
11464
38438
33467
15093
26324
24329
12082
31315
27061
21109
20458
33314
12148
10095
3433
2202
42098
9623
48276
35215
22612
14776
14991
8784
17262
46880
44620
24824
19475
26218
18648
45205
7046
39491
47240
30602
15568
49851
19073
27483
11450
26108
41538
9721
42307
11863
16124
32676
21518
16770
23072
41860
3424
44118
3984
43782
24683
38466
19363
14719
21437
40731
44475
35955
19819
18505
30977
4681
4623
26181
30914
47323
6291
11713
18902
24680
17108
44138
33762
16316
5140
41658
1352
46638
2680
32093
11576
22038
2877
27311
32768
1090
9353
8687
34905
35998
40097
44188
40268
25997
36269
45302
15469
27980
39844
35553
37773
20064
30412
5973
27343
16566
25658
27744
35159
17264
2329
24118
23574
26272
23112
25246
12301
9065
17426
39086
25884
8865
26295
30729
34208
18913
4976
5825
29009
2717
27622
47563
24228
25167
43922
1825
31386
7486
36630
33584
35802
14064
533
21332
26956
20238
46890
6592
41682
6692
24587
38625
6613
39135
7360
26080
24451
26638
2223
10111
13131
15470
40567
47663
10397
34085
46070
17485
24604
32319
34354
23040
27330
41739
10930
15650
11311
4117
44734
31854
9454
10861
46830
17511
20887
9476
37043
39165
12703
32944
17068
21225
28285
5101
24657
41668
18995
28966
48410
36254
41766
30947
7960
28734
37160
9621
27434
21502
4480
21516
39250
11466
34083
42733
17214
26012
36514
25455
3358
43307
34812
46998
1568
40653
23412
18875
10520
21818
39002
49613
18223
34067
36242
3414
550
13509
4454
15417
32256
35256
23450
45869
5903
39262
36246
7682
28891
15133
19787
49762
48627
23884
656
22087
42948
10380
13667
31415
40673
45240
19290
18547
34614
22263
5774
19009
17175
48769
15141
33431
45891
38945
47639
11815
45287
37817
26836
48572
2248
27291
40126
16840
5396
5765
3941
28741
33920
5991
28949
6736
23199
27025
35225
46777
29923
20915
47620
36742
45579
8994
35856
6548
35754
17946
17143
34062
40514
45499
35293
44278
39344
17931
42147
16779
41709
2429
26138
32042
45313
7233
32451
32875
31699
5151
23387
40022
38541
22400
14415
35019
38157
49000
13273
41823
21069
48118
41508
22295
22423
3618
26615
45740
35741
13046
27694
6999
2382
7499
26271
33100
573
16674
17962
5015
45503
10218
36270
46638
23593
18864
37974
1439
38385
1529
7819
16165
49547
21282
32734
45362
32751
22328
11740
30032
11360
30579
45259
40664
23966
27768
10435
7969
32971
47541
3141
18526
19717
28652
6409
14985
2624
45399
45638
4619
6822
471
13915
7089
27071
23814
36363
19428
22815
42595
3914
32230
27574
13976
27090
25056
19954
32914
4404
33188
18809
3204
35793
26479
41240
17292
34492
21500
26795
24365
36407
39216
36190
49828
45660
44709
24401
18343
17464
24837
25818
10110
12063
15218
7857
30251
7729
32950
28254
46836
11805
27686
1823
18159
14231
28054
15038
37643
10774
47068
44012
23839
12105
12743
32859
22400
40877
5519
39262
17414
16634
11076
8855
17192
29486
7030
20288
24481
10577
43356
11443
2628
4262
3303
42265
38578
38204
10906
44894
45765
40357
29551
41526
171
19835
20350
23157
30141
35143
34480
746
6921
18358
872
35628
43379
20738
43629
43891
18631
2799
32451
24462
11977
43809
9169
46007
23027
49875
24502
25916
3845
29359
4372
24344
28807
48185
44754
25227
21285
35990
3582
40495
25319
24824
17993
36780
2172
25675
10383
13891
31040
9851
32534
28774
46158
43692
15066
47639
18103
15647
15494
6419
12930
47271
19712
34108
41307
39736
40990
49031
8315
12591
30187
5529
7807
45664
1219
38746
25739
15940
38543
22141
21735
19348
23846
33686
5224
7330
33596
19666
10480
45178
14670
34737
41953
40898
25405
7476
6652
45200
17513
48110
44165
46197
3571
36006
27345
19507
43289
4355
36939
19444
5285
16723
47568
34328
32980
23200
9794
24821
33701
36019
1550
41019
44851
5310
27222
39934
26231
932
2372
23619
17920
43741
29290
16314
16171
36610
41801
46432
33755
49521
20096
20287
38461
254
19413
1083
10831
10606
49309
41201
28748
24304
49404
48845
30690
35008
10750
40825
27508
8087
45311
6166
45702
1413
35888
5461
29580
30415
2916
14146
32848
8322
42334
44463
1872
1822
2979
36282
1764
33297
35922
9922
4543
49524
27817
27973
48909
37883
16462
44018
18509
20305
4756
21167
37644
21951
92
10406
42534
6011
28121
15563
5399
18733
13918
1883
10379
36681
43885
47830
47573
5151
46291
12041
34496
39104
32936
31640
4326
48097
1934
16407
43745
37780
14604
48298
42745
46955
19823
13281
27665
30554
17440
35726
5671
32027
34876
49971
27184
23135
10010
319
13686
26626
47717
3694
28457
47948
21226
35370
38049
37406
33875
34215
42229
17901
3668
48845
4367
11167
17923
36678
22968
41528
34326
37601
38138
27619
3395
33836
1194
23291
2643
9450
19518
8957
10174
36175
25042
44229
29012
2702
46114
41485
22200
22042
3075
41264
12321
40598
15273
13332
44401
37242
41316
46492
42726
23424
45434
43740
26516
6590
17877
32167
915
25403
9455
25232
47918
22571
38399
14484
19922
36355
1278
1582
21545
36950
9784
34628
10916
18324
13028
6337
26426
12063
23625
25686
14448
19252
48067
2485
20209
35523
2909
2212
31427
19633
43083
32847
22290
28319
526
42896
44213
39267
37143
28824
47264
39003
15513
29748
27723
41201
37269
44589
47873
36141
48147
41575
14773
5075
11267
34306
6113
32973
2335
19104
26172
25459
27887
33229
40362
20141
14382
23176
28052
4558
32295
10376
30269
46381
4507
16314
43334
44872
36948
3658
32786
11379
5332
33197
41470
18920
9755
44934
4622
35023
9874
799
29301
32170
43727
9953
42555
32020
27753
34338
24337
42807
18071
38962
19941
32739
6518
18577
19532
21509
37383
37424
8802
1618
23270
14575
20854
12509
5208
17996
32316
18210
22162
45500
6572
19077
16360
29254
49448
4278
25678
40461
24635
42699
16415
43419
10135
31966
45671
552
13256
14096
12067
36160
173
29405
7291
10520
44574
11929
12038
7108
24737
2759
13567
13235
32273
24865
25314
24406
31468
18388
25110
17948
35559
5220
25000
12726
44884
24502
1467
41041
18655
3313
41916
22478
24814
25492
47473
31126
8328
24223
12794
38412
27293
19
30391
45504
28180
25034
25899
8954
20222
1356
39981
19643
19515
43164
4018
41350
40573
44760
23956
39174
30313
47963
10655
48511
34667
3687
2862
27456
26823
4468
41089
22244
14171
41588
38360
37236
4202
23855
8391
42501
17942
49356
37047
36908
46335
43681
1549
8627
20454
37539
20476
15586
23601
11774
11669
34363
7252
43218
13874
25920
16029
40318
28010
37050
16034
2289
17702
47566
26404
25897
25247
11018
48558
4284
13252
9874
1466
19371
43297
46549
16358
21230
34855
35631
20029
24277
18798
43816
4054
2162
17927
10705
2246
28868
48705
21123
38995
26624
21945
22793
39953
20219
32032
45662
39535
34173
24117
48321
48476
49733
48315
3855
22117
47223
15360
21555
21378
26309
46249
13790
5191
31175
6164
21656
22171
30014
37750
21294
47561
41152
32954
3414
10650
11089
9147
31612
48103
12024
33862
49265
37607
37810
19009
28597
42118
43851
47202
44097
45022
45612
26547
4932
28944
44811
3908
38035
28631
2628
17845
7756
48777
22532
18
45295
2887
43201
3632
1105
31639
27457
14949
45601
42492
6632
4292
48374
4334
19918
19685
43212
34192
24024
29858
23467
45281
24524
40328
27187
7668
30393
27315
42405
34206
20232
40293
8098
39700
23076
42101
9604
24789
9540
20036
27194
11003
20761
20219
42760
5787
9903
39578
26592
15186
27983
14454
27171
33811
26028
40293
12827
5485
16037
2270
39689
35567
10723
20326
46069
33914
37946
44878
9512
40315
4273
42454
43267
49177
23950
24658
18972
36868
24580
11148
25326
13488
6667
34435
39528
26549
29400
26913
41505
19187
30368
13694
37330
31630
16214
27528
20573
24537
22385
33097
42204
22312
8885
12463
36606
39124
42500
17258
16186
41064
44303
4072
10367
2219
6710
13000
14381
41912
46750
7274
16924
18171
36900
38016
16054
6439
26499
49654
45837
8617
1543
13775
13451
16751
33349
39724
44808
6199
48723
38824
6139
23458
7603
24580
40113
22851
49864
21152
20697
24058
33384
5298
47061
5209
24120
49680
19746
29839
35113
35440
30839
9955
48190
26982
49987
37562
23709
5813
47398
40490
14910
45670
20890
46396
656
20787
36658
3284
39777
10704
10336
4805
25406
38973
37808
43979
10955
17700
45590
155
28693
47434
47639
31526
35107
18757
44473
33395
3053
20621
42539
17427
30956
17421
44840
44920
29481
12786
28639
7476
10567
39405
20689
4853
23157
29532
23329
15579
18915
44011
3451
31112
25276
41522
24402
28128
22399
25642
8134
6495
11306
1763
39846
29618
35765
7485
34057
26538
43417
33036
10621
9428
29467
18338
17015
28430
32305
31976
35574
28506
1893
39120
48965
33758
44092
44246
852
15650
27817
29688
6884
1121
35399
18527
4564
25989
49829
21705
32371
22708
35099
24302
5575
697
16924
14959
2395
11734
40177
28624
35430
48950
40968
49303
44427
35233
47647
49744
27279
25874
32713
5359
28191
35472
17506
13006
30015
12055
49508
39779
22341
40191
31341
7869
16171
16590
13942
38942
5800
28052
39492
39776
48792
22648
14222
30486
42148
46844
5722
19989
27958
6383
23238
2456
25889
20828
925
7244
3794
34645
12357
19946
23420
6239
32615
22530
49189
40213
31024
27016
36061
9130
40445
34038
11903
39087
16088
6790
8655
49959
31393
18089
30904
37163
34909
23872
46229
34668
23828
15874
35075
47945
17691
9047
17376
26781
33892
12700
19539
35845
36966
23133
12548
25068
31126
15948
3750
46216
38723
39701
6610
20231
47194
9502
10082
41306
39325
30834
4947
5944
44343
14149
46780
29717
8259
16666
12960
36863
19995
47408
21376
17296
30641
11749
48011
26364
10402
25706
27095
45368
33888
27898
38941
34957
22993
22849
31881
13106
22059
24040
20012
5263
27466
13132
48550
26261
42485
40017
29312
31806
3518
26050
46726
30353
34308
6723
3905
19956
43809
11325
33789
20611
19915
38479
901
9821
16179
42869
7929
34740
9466
25065
49848
15655
35558
17159
37605
18917
39187
15462
30917
29589
33882
49850
21371
14372
36667
12193
8877
44270
16744
198
47214
27460
12140
31852
42523
36647
22463
19080
20886
22972
23907
7397
7963
26121
18806
44007
14784
39509
41810
23810
15809
42844
21170
43453
39069
30560
27280
18208
12993
3792
2414
15039
24097
17543
23404
40105
17154
16670
1459
14931
43525
2065
14414
37684
7128
30145
28165
31557
27565
40939
32345
16302
5642
41208
41023
512
24015
24940
6214
26742
20688
44019
20212
7443
18035
19770
26132
34787
519
1713
39993
9152
42690
15609
1731
6808
9088
35341
331
4981
14965
3769
13726
1186
18820
13549
48436
15777
32662
14104
37844
9584
35463
27728
45902
41077
6023
36543
40895
17489
7728
10952
34636
14899
20495
28776
15157
42233
43598
29920
49381
40192
30642
19803
36856
19573
17052
17859
30747
43866
6119
20858
47428
20317
1795
49872
26248
12301
34366
12081
34842
37965
34860
26336
48131
24306
44781
30455
1554
34473
24685
41419
48523
31124
37169
41973
8791
1002
17822
15647
12323
17947
28104
12522
20284
16915
38509
5676
18395
17902
15330
10108
20411
4395
13260
15709
37957
25496
42101
1282
49410
48597
48513
47335
30815
36838
33032
21244
11037
10406
9321
49320
23106
12176
25182
27829
12385
25830
20693
10431
16252
21453
23680
8926
29373
33576
27659
29991
8264
23023
8548
29917
31340
23179
20246
22946
43897
9316
28259
31617
16574
32664
39491
23353
29141
16274
46504
35189
16396
10902
29674
30376
9290
40687
37318
21641
42767
1703
12317
33121
16913
10154
980
24092
36844
46498
19349
10181
24136
41830
49532
34723
12421
38278
3062
35837
7777
27009
37666
20919
35962
4951
37433
37599
35598
16035
44381
29990
23747
36772
47042
10844
30990
10451
14595
49959
19734
22991
27880
27400
42944
5242
16859
15583
32108
34188
25542
29075
25390
3364
16541
23112
36215
41410
4982
37372
30181
8590
22708
18836
44484
10768
20563
17307
45356
45218
25252
17019
38378
27274
42085
6279
19933
12503
40525
25587
27111
8918
27475
35095
15261
11862
41366
756
5846
7614
26458
21209
47919
8161
5324
13214
1318
40566
3944
43185
37676
20084
7434
41216
39744
29420
49095
9049
18940
41884
36512
29577
13028
48682
47754
47482
40077
3855
34019
35540
5617
30733
38986
6279
22587
26711
4701
32914
7707
41288
5673
6888
12007
31953
21714
15544
39581
7277
4613
8162
46815
37889
42760
21086
45040
14068
35268
30014
7824
45665
360
10060
28443
43090
2348
17618
4218
10242
29321
3834
19471
3704
29524
6855
21135
38896
12303
31974
14283
28644
35021
22229
191
26591
19889
46505
46266
26847
12951
10291
16877
7966
35134
34074
35331
31797
49047
1013
5419
48047
34044
24317
15802
21068
16079
35833
16581
38900
16982
28366
45261
10709
8661
45231
45771
45468
49433
40997
9699
45790
45273
30554
4425
35516
26105
3716
30562
39073
34991
43249
48316
20017
33894
41718
44391
19363
19718
40370
44609
3665
18092
24931
46584
20062
14613
7959
24735
14439
23775
31734
18156
33996
32712
43566
36442
38302
16367
41791
26103
10558
16824
25540
16286
13994
49682
10701
1767
18864
10291
29084
48858
20856
14647
4327
10341
476
37813
28167
46595
3224
29023
41297
5853
17491
6096
16429
10845
29421
24831
40426
3800
8632
20123
22948
23433
19794
35539
17971
7184
9273
47146
10992
45077
48793
28425
28936
42665
2835
14402
37254
43151
23617
19856
49032
6180
26002
29781
15801
23128
12869
40450
47464
10928
32668
21578
36078
10384
31623
39711
26221
36920
38353
16556
26347
22661
6394
20185
24540
20168
33082
14170
19144
19018
25077
21494
41192
22370
23411
3465
40530
17715
27249
48576
48023
30638
6257
44362
44355
287
5169
13881
18954
12902
42679
16335
34228
6975
37406
31686
10436
27662
44271
10681
46020
37299
8911
35993
10511
13858
5520
41338
48139
19019
47667
15057
16114
45798
13049
5395
32273
31160
578
11747
47707
23609
26602
37454
6713
17502
43744
12102
43198
39245
11831
48951
30987
38573
35820
29986
15125
36376
43861
3087
47133
3224
26318
4944
36363
20700
17983
16185
23564
35672
21592
33410
5006
45725
3187
1546
21183
49516
26800
22485
22471
21824
12280
42515
49493
26742
28067
45314
28984
29561
21429
27190
39955
30173
5937
13683
15844
18689
10392
38270
9911
38238
4393
3420
33411
38805
3374
27093
28473
32368
31903
7770
3431
1488
13779
8403
9310
34282
36116
31593
47257
10486
31462
38710
25482
42627
45228
18975
48004
5433
10271
26253
44598
38094
5834
3431
31355
38731
44568
13723
8615
41286
31123
31355
14971
13359
9737
31918
14148
2606
24735
41605
37137
31264
2008
5120
44426
14191
17254
38598
29475
17771
22604
43510
47430
36093
40748
7260
27923
37615
18923
14130
2908
40236
24416
47971
48382
45790
46640
17413
21154
47636
16694
24111
25161
2501
33260
13093
48071
24558
23284
8722
10287
47454
37702
28431
16555
41573
48157
34310
47001
17023
19964
4424
1358
27325
28980
569
39498
28492
9833
7305
29852
17964
4623
42906
33674
17670
33061
21461
18528
45071
14981
7034
15897
40565
17858
45323
41665
32133
21733
12990
15443
19416
43557
4949
33605
41385
42695
49186
35444
24903
29760
15188
15849
47488
11562
13179
32941
35618
12110
23565
5815
43352
49448
14050
47574
6377
47441
30183
9177
43402
36504
27347
13002
18098
29105
39770
23623
8859
1554
48404
48949
22772
31556
24257
15626
22243
27733
33668
43656
2031
46923
14325
46230
32984
5137
46117
42150
22629
37014
49095
11831
10084
45211
17191
10950
30697
25997
13082
17836
33947
13384
39095
15557
4338
46075
47779
24903
5337
41755
28573
30802
22740
43689
10060
45741
16150
41177
38766
48468
41905
33468
25649
45163
6271
30698
5552
36932
48990
28273
15221
24855
49762
18129
9947
7928
18191
2585
42024
46166
32283
29583
5564
46900
25790
22450
11828
39417
39361
6839
14378
12159
42923
14007
10744
16152
42073
18425
25386
27427
28079
45494
13228
656
41242
22392
14579
36585
8886
38233
5116
26992
21543
20050
6350
22365
16283
5793
30845
6528
7961
10635
32261
28686
29876
2193
28937
12351
45303
748
37475
13616
24738
2399
5913
7132
10256
43304
45348
10506
26487
34986
23313
24492
1413
12549
38341
37716
20986
31157
20558
41729
15443
39697
29741
34371
1570
24789
35282
40583
17918
845
28468
38719
28649
35206
35666
42370
34243
34423
2353
39296
2774
23882
40230
35834
43674
37482
16548
42386
44925
22102
8534
10080
36395
2551
33713
21936
23355
1961
18694
42020
28065
11281
42864
27218
28942
15618
31367
12708
773
9213
19132
33553
12506
3519
48471
44069
29567
30610
37067
13330
43868
35668
542
24660
39452
36639
240
7670
48783
45128
30254
5108
28141
18454
27733
5775
13099
15303
6517
25497
5145
43222
49287
49666
27902
18576
31382
27548
41396
44899
5578
2269
29613
21750
22759
16699
3465
19558
29471
41104
15468
23276
31
27852
23440
25704
26928
34882
43070
28699
1794
467
4476
15097
36960
43739
16832
40122
1706
19261
2802
6452
36286
12712
8965
41578
4591
35497
24876
21002
13119
24757
28765
28621
6001
44714
26759
32626
41765
31850
3439
23061
3229
37779
49465
48813
20033
30569
49673
43026
16674
11448
31299
32651
31322
38756
25754
4156
28960
13331
2058
43137
12176
3001
49972
34675
39180
43718
29478
31741
14855
8925
48399
37331
5109
22423
10625
27837
37144
8852
42772
36335
22180
26878
48967
23518
26640
4675
12228
46589
20551
10175
300
34808
22670
25780
23871
11028
17318
12976
22796
33715
34662
13133
7336
45743
2543
13193
15150
14024
21875
31362
22576
3271
21406
22767
8250
19461
10476
30896
47720
31692
31623
31931
3334
19269
1882
40811
44022
19857
35479
15876
40181
7650
25997
36556
15709
41740
25941
21028
46887
16800
46149
12791
27467
23941
23176
16776
45906
35605
735
25602
9042
43376
26329
21735
5329
24269
9018
38184
32595
7638
13247
16159
29529
7972
682
30330
38193
6112
29353
13961
41381
24397
14482
34152
10710
18235
18324
4016
47031
1840
43224
42883
12415
13880
24622
15676
35706
17717
39169
30643
17364
14658
22173
7901
5666
49646
3250
23584
13946
35349
11381
30895
35951
38850
39391
36877
45582
44120
19381
45063
3860
43227
27214
26311
28924
49396
33650
8525
10460
7326
46822
48013
28778
17093
19330
37192
33870
44547
45483
12304
22262
4364
10558
35859
12042
25957
46751
14659
25359
38483
16305
15142
45895
43220
21088
41877
13784
17976
16734
15268
40990
36289
43891
3999
5189
20344
619
25984
32480
31014
30573
14147
4142
43338
4494
32325
44085
35158
18695
21414
37054
33810
48507
2794
6455
49790
5628
36312
1250
3018
22951
28912
42996
11919
34457
15112
38010
27157
4038
49094
3343
1440
9579
43431
25244
35671
7736
3406
40702
24085
5785
31269
23000
12731
15666
38623
453
45922
18142
32969
25212
3039
28871
22220
25438
32843
22413
18228
15604
32974
40379
36289
38040
7503
28441
20795
9075
1755
2247
16541
39547
5119
30927
31822
16985
5585
34400
17165
18245
11507
44110
34507
5930
46409
20057
21678
44408
44868
18035
32851
19127
36123
3940
5841
42596
23381
1361
1923
16247
13914
10610
498
4715
48402
16983
1909
22369
28715
15164
9255
14862
45556
22555
39918
18671
30785
42415
11249
30691
8397
7387
35720
8233
48081
28652
36092
19433
40309
46524
28760
22296
43685
157
39162
46287
24962
26685
12339
38023
779
21530
20073
49745
46508
9300
38845
31692
4313
28841
37232
30168
40285
29205
2374
36399
16581
32608
45537
13022
31499
45086
10891
31387
42285
23087
2086
3072
24922
14919
49639
49491
3251
15454
16119
5637
24901
39874
42228
21025
45822
39506
39383
14604
32151
14887
42756
17919
49524
13674
24248
41123
18520
41591
41716
29525
24964
5486
3265
40429
13078
4666
47740
23363
39549
15367
15950
29020
14295
40478
40573
25795
45281
1019
14642
43189
34648
11021
26294
24241
11361
3065
8259
11187
19431
32867
24406
46423
32549
39811
10700
40484
20948
36142
5070
15220
26248
33192
30881
37809
22199
29769
7885
35968
33034
204
23279
42295
12954
10718
47683
25381
16330
32567
9196
46756
43592
25390
21773
539
7388
41070
43771
2378
3822
20780
30654
8229
2229
8407
37104
49117
4626
46008
29516
38227
20603
45434
10844
41274
29529
36715
41629
17078
37646
31789
26184
9201
44446
18436
13869
30196
3311
10689
9059
30909
47819
7287
20559
44868
28217
4920
609
7240
41860
25519
33217
17399
36194
34762
13093
5539
3032
15806
30687
6102
34330
13307
15610
37513
29564
28064
34885
9735
32102
25227
8637
28326
23835
26268
28333
47932
19957
13795
32591
30356
25827
45578
34040
45571
19214
1989
9890
35269
1601
46329
6406
24086
11898
1112
21042
40824
21980
6711
42225
39574
32740
41843
34572
37555
5076
2546
2107
35191
1823
10364
35701
22000
1817
8548
20150
7183
347
39272
5373
7674
1979
41977
29646
36866
36174
38462
24470
31485
3299
23408
39609
37191
42739
44931
35365
14343
45815
7021
29639
19240
18776
6928
42422
14735
23404
9230
48480
15703
47717
904
34310
42810
33409
42624
4004
14996
14537
1499
19020
1106
5531
6909
19371
28421
41505
46096
3486
26670
17363
14840
26455
16409
18082
13499
47816
7050
14513
49817
4668
34476
17968
29929
12192
28706
45736
42231
23874
3375
5849
10017
16326
1613
42128
48568
12008
21049
34648
16888
1655
33452
45640
40370
25025
27157
897
43964
29105
22168
10327
32235
5920
49404
32624
27565
15026
48523
335
35219
39303
26762
43334
4125
33376
15213
15966
48829
49840
7607
12245
40693
3990
5907
17349
31322
7213
27221
43361
33996
3383
11467
39632
42230
18466
16253
8823
25349
1434
6336
12983
47675
33487
47418
43494
26927
9373
34902
7108
4435
40912
49603
49533
14721
46744
43230
41425
4032
6290
28390
6546
39062
38033
10236
22267
30822
35003
38182
2111
44176
28236
25578
22539
21943
34338
42365
14213
6583
23454
20214
2671
22692
31769
7859
24604
40681
40122
46728
19910
3410
32562
7711
23293
13744
36111
15994
46273
31560
3990
13889
93
47398
16746
16169
12690
32517
18737
31524
16560
23177
16298
39172
19543
9707
8517
8160
46086
1977
32107
11242
29967
28102
14953
41334
25746
18583
15354
36825
16623
22663
9157
5240
20105
34296
40860
49277
12259
44939
9032
5756
13042
6011
9106
20116
45440
678
28317
34881
8425
47286
19409
47564
32908
33910
2759
14523
36823
24076
18550
39200
32017
8678
8702
25037
20234
8279
6994
33606
34463
48217
48802
47623
22011
5398
43220
43049
6672
19632
16844
27723
20910
28237
37916
34088
23968
6293
32958
7664
34954
27534
19807
33319
10702
42023
33153
23013
48921
36375
16806
33447
49037
11174
7390
31709
45730
23478
49171
23870
41610
18312
7996
21579
12204
586
27173
4821
37959
15789
19155
13025
39020
6914
3854
46714
39092
33962
30329
45052
16691
26864
30096
46546
13652
38302
3058
32880
38902
26680
33191
47281
29268
28878
20766
37745
23875
42740
808
28020
11882
20516
14934
20095
46147
38490
11657
29215
38262
3921
24149
44233
4972
34124
35829
42305
26348
43021
20870
8768
4799
19614
12985
20546
8672
27053
25465
46200
18338
19756
39698
22087
5973
35061
30693
35184
12716
10089
35479
19213
19349
26739
22538
27430
23345
20272
4050
44772
30976
26795
41166
27221
35645
39996
22969
45266
27119
16493
45794
2733
40100
6078
42010
14720
837
14295
4741
43055
1117
48569
40387
30724
4340
18903
36855
37003
32989
24505
47368
26742
43663
19798
2289
11275
26746
10401
8703
8813
49399
43574
3831
11520
6916
4126
2235
44551
1922
38021
41793
24686
16878
10635
7099
37241
16413
2572
33519
8545
28836
18132
6096
24753
30877
39930
16916
33465
253
48857
18228
3336
23721
41370
29908
20361
24368
42721
44215
39136
1377
29208
13933
34873
45548
8163
46185
34385
11450
36800
47148
14978
8739
30854
43153
24332
27269
46447
34859
3724
354
30084
40476
26899
20688
35399
36814
49023
31358
32640
34370
36116
10396
330
13990
37840
6623
29378
49898
31968
40056
28754
39885
17973
5367
40472
24519
8565
43483
37715
2721
41742
26829
11117
46426
25434
30111
475
43197
39414
35268
40104
4814
16338
30082
40006
46725
5509
41063
9832
13217
32422
16851
27523
44065
30920
29294
47030
5341
5819
40227
21968
24403
2037
40873
23213
28130
35492
45532
19051
32635
13258
7191
863
30578
25104
27110
13808
18583
30654
10171
25774
21356
9244
24289
3313
21069
3492
38704
19584
23090
614
33400
27907
33755
42034
37834
44131
29259
44969
48928
49301
45665
9471
20470
1477
46991
12592
33944
33037
25213
41758
33213
37032
45487
31564
5049
46289
31609
5508
11093
11701
21282
16551
10221
36802
41257
47627
9528
30903
23232
30828
20303
18461
8701
32906
44188
37773
33649
40065
19443
45165
22558
5375
28763
39694
9602
15283
28607
36160
19241
2202
9172
24155
20475
17079
29424
11939
42469
33563
9122
21142
16016
907
45833
41572
7601
32347
39496
42964
35925
9057
21178
30947
1022
2182
12934
16160
27506
2018
20697
9827
28360
24890
355
31088
49739
47370
4289
6510
24946
14370
16376
45849
40013
21044
10869
29617
18571
36077
9986
23943
209
22584
46448
28810
36363
36275
16972
32728
13024
45217
11199
29627
49457
42345
46710
33174
25579
21666
26537
39224
47454
44292
25172
17453
24061
41259
16553
2217
6314
2768
42398
46804
36179
41904
21822
49104
22039
43750
43812
36717
7136
39328
48209
32721
2091
5201
44828
44658
41826
24875
23532
15112
11958
12472
37022
34454
28888
27589
18647
10103
44402
31986
4521
44145
44157
32811
43508
761
21134
44669
48459
39959
25468
21108
33196
5708
25355
34693
34436
12075
11138
24615
39025
44513
33916
2978
1314
27143
15946
201
29224
18936
49676
15411
26049
42942
32933
14807
34602
9669
37727
1036
27953
21517
43548
13466
22015
23608
20499
25330
767
22319
7971
3511
32927
39094
14047
42659
36161
33665
28577
24392
31251
10971
35510
35541
15687
31394
21767
18527
18654
15127
39365
30374
28295
30038
1500
31329
13834
14754
45091
38296
11848
33401
11830
25802
7151
10896
35536
41577
277
38611
6434
38561
23549
10419
29883
6754
3286
396
23077
41068
3806
40762
7102
5855
12362
14174
36275
47107
9621
49273
11863
5026
25020
16987
37195
48882
24528
17652
31785
9489
18817
35540
14371
30549
33687
14109
4378
30015
40712
49275
35726
45998
43938
47470
13202
4647
39360
32130
28549
15633
30519
29246
13886
7234
15273
7045
28129
8844
1271
15289
30352
23248
46401
15198
39248
19281
26436
41483
28501
39554
24267
20543
27699
40178
45622
15428
23878
8304
7079
14693
42964
30123
39730
7980
3093
4046
47688
13956
15916
42020
8676
10702
47417
11478
15373
14949
15241
32041
8904
29714
10936
47034
32889
31789
16637
8519
37348
23357
12043
11285
4208
43599
48485
47660
28929
35211
40351
47263
3897
44305
6525
48371
37111
21416
13961
21364
15529
39350
28975
770
20840
8665
18261
2235
46001
10820
6857
26332
38568
11203
35441
25298
11037
5986
29828
20795
16461
20962
42765
43611
21574
25094
28202
30110
13991
12451
26862
12604
44209
37528
25138
9276
32486
48602
44761
17044
27329
35306
45437
24562
38138
28219
37969
20821
18633
20609
43748
30259
28180
12836
17844
12211
2627
24848
1854
29255
1738
13325
6670
22980
19516
6937
5822
599
33327
29554
17468
44819
25721
6246
20966
37958
33345
43993
11389
47963
37407
45027
24786
49579
20373
20093
23979
41616
24910
34332
12350
17954
35184
40948
2032
16311
14293
28992
26829
44989
32089
11703
33697
9482
37807
32738
34661
26399
25480
16486
42160
34921
1859
30880
9108
12566
33346
2938
22602
42772
28814
9314
43611
39770
47868
36189
9240
13551
29884
40658
32352
13227
20349
39634
37946
25520
9935
48440
47447
43648
19119
29368
26146
45314
33526
16464
23312
26582
34595
17240
32942
47802
14391
22293
8623
18977
6217
28782
7881
21333
17256
11555
6707
13153
29351
13801
31158
46187
22965
46139
32507
43029
40522
43476
28894
19158
23705
36829
9966
17159
41486
38471
30423
22374
32440
13911
37752
30031
39795
8015
11791
35655
15911
47000
33289
32348
14706
41008
33546
37717
32572
9735
41353
43625
15937
5941
38528
9788
35280
41492
19216
16174
9920
7047
14834
47559
5363
3564
5943
31162
49074
14426
31404
18556
25602
487
29654
8879
27712
1002
16923
16254
28561
46357
8159
42849
9558
41389
35704
3006
44169
9246
13081
8904
28367
35603
36770
31092
4656
4308
22302
27941
26207
36835
45407
47411
36128
21746
6280
49245
9455
55
23129
47309
43301
21011
32439
42403
39942
6768
29032
11141
4312
9911
23617
38352
48169
29481
49024
7970
22267
2461
22302
25746
48429
28381
35947
24192
30594
22855
19764
38354
25130
17427
23704
9071
37441
6954
149
26516
32055
19840
22758
26611
35875
43945
7613
25446
8259
8363
17974
39843
26226
3267
44196
45612
14967
36484
28568
36966
21683
26149
15126
24437
2896
37481
4576
44961
43352
45904
37853
7255
36765
16918
8894
28656
38898
42695
30219
25757
46134
18234
11475
6938
2941
2956
4802
9288
44604
44201
48504
14337
32746
19859
34198
14582
34854
7054
8370
11076
47576
47362
32425
32464
18650
6857
48978
32867
4356
13355
25627
29546
7133
24675
12726
15862
19220
5929
42795
17128
5901
13716
19494
40117
7136
3692
39284
25251
40144
14769
46963
15290
20796
29175
12668
39918
5910
6871
18044
19490
18007
22224
24144
39874
49301
1045
33709
42567
47791
32545
2707
22647
11329
11278
49778
14319
46758
15774
35628
41019
2783
16745
6785
25567
38511
22600
29526
40759
15964
13265
34008
21516
13360
46590
30152
22196
39116
43281
35203
43630
3958
9097
18289
32848
20308
23674
19106
31539
49758
13136
31359
43650
24513
41192
42186
28605
40109
44101
15775
47967
44996
27704
34563
36498
11674
25766
21526
3467
35172
29417
24280
46767
29298
3321
36065
11275
33505
7721
30863
9989
3981
46588
30417
10908
48467
11175
45064
21507
29807
43176
22663
6105
32815
1810
37804
18423
7872
20814
32877
43086
49309
10673
13008
26260
8593
28448
34408
17537
42791
35389
32492
23842
10638
32222
9285
13416
11232
39205
23262
14895
47061
43242
34377
31184
24429
45886
650
43488
23146
7186
26225
47591
4488
10399
6257
41923
1950
26218
39874
19581
38822
14010
34759
804
24754
24766
24431
12874
39798
3845
3512
15953
6138
22522
41095
13402
39053
46568
39961
30748
5414
24593
45563
15694
1617
4338
44371
2087
34489
34783
38200
2178
18883
880
44573
1078
7577
8908
6569
21553
40556
40676
15223
29892
35025
38511
39197
3560
46896
6675
47511
18041
49603
42545
21550
48907
38816
48281
33717
46955
3026
32023
40310
31078
10365
5046
38645
841
44559
13819
14813
29254
31507
18561
40925
15568
46997
4078
48792
49009
50
14496
42155
43387
25267
36910
12201
27260
23592
25822
18149
37378
42057
17492
8518
24985
8154
6398
43120
27745
15756
11202
30358
36941
26187
37961
14161
35606
29279
17137
2177
20875
826
13414
39732
24188
37715
43036
44171
17675
43635
49023
3597
45335
46807
38414
20545
28123
21531
15522
21634
30572
25509
22814
22857
26838
18849
17005
40341
12596
25118
44353
17941
23530
48626
47898
3817
26991
29408
33605
31281
15653
22735
22788
33721
7638
39436
41319
17001
29756
5231
49203
38598
43843
46823
16826
30857
39585
48216
25861
13711
14789
18908
33339
26805
42375
1784
30395
8325
15883
41828
11920
27660
5104
29903
36709
5837
39534
14037
30665
41493
46332
48370
7563
14859
30012
32867
39984
13642
30037
40184
48542
31626
2876
18225
23949
26527
45060
49974
27525
21129
49924
22312
3400
43464
27632
38010
20100
49297
26496
47080
22888
13801
6170
34842
32099
35750
37100
31323
23947
10905
46013
31722
5084
40311
32419
23022
17395
28108
45680
38631
46885
40255
32472
15464
9568
36413
18877
8905
22628
38531
15078
4769
22352
33257
20477
14461
4388
44727
40260
35288
832
17576
14931
33893
42322
27340
15193
35631
7164
14120
416
4533
15552
25969
19197
45535
8509
14910
11215
18137
43222
46218
35093
8699
44180
21889
48021
9972
24969
43838
3398
2672
37152
30995
23614
11531
49117
37602
19863
44865
42541
16674
5858
1625
24291
26079
20143
11877
22047
24711
32495
23396
35822
5622
7142
49920
16717
45776
33244
23133
20814
35471
46566
23672
10060
37173
31383
3861
15473
40763
10423
8657
32678
48327
36633
15514
45126
15608
42963
23511
3379
37382
20528
17124
24304
47427
48961
8650
19470
34999
32395
22848
34543
32438
39250
47169
4390
16582
21313
7454
9566
46891
42006
38979
808
10220
15778
2290
21986
41692
12821
44750
18410
38283
36178
20955
46616
30938
25409
19291
34496
7035
40213
1190
2072
4754
739
3750
38470
32677
6604
27944
344
43234
24193
41268
2096
34715
4076
18661
34013
25374
10695
27675
28261
26242
20075
6873
45182
152
13254
41669
13153
10689
10096
15561
16097
48407
18704
42587
244
8285
14016
19460
30742
38101
20727
13356
11658
810
19753
14631
16491
16409
48196
37977
12489
11101
28000
37094
47154
10272
212
24608
9810
2201
8229
27768
28629
43711
26297
21785
45924
4747
28074
36571
49630
8153
13065
21425
10660
16772
37507
49445
17069
43177
22897
104
40621
44277
9082
7963
36853
34782
29562
23908
36640
24553
30374
49699
14969
26925
31916
48551
16592
46103
22817
632
21056
36152
49216
11948
27284
32889
16942
38305
3829
25884
37151
48242
7231
34032
4019
17179
49945
11754
19280
8129
35545
2137
45968
24137
36750
22926
36947
48796
35430
47036
34502
34148
23396
13292
39421
44247
13559
37659
5511
27957
36296
170
14009
5253
28241
31630
14947
32093
14375
19774
36023
48661
37371
7898
49743
6015
38223
43237
32174
39627
34741
38845
37128
18611
11045
17116
6073
1267
8980
15683
2382
46440
29162
4103
554
42660
34171
46693
6719
46603
32471
2692
21292
17765
43528
5941
11059
20759
10641
42888
42593
15289
11158
1097
7263
18244
32359
15420
731
18934
16423
32497
12441
20350
16224
43039
49202
21655
38805
47647
24884
16205
16987
42424
37489
3350
26245
47621
41381
19173
18554
44651
46822
48228
20998
3685
20116
13420
20763
30042
20187
33332
38416
37631
21889
22550
21773
12185
12438
17524
19401
40768
18317
33948
9160
34310
14697
28724
27453
16803
8991
14519
49960
5721
29074
1544
26866
33942
24909
18841
34220
11297
9941
24947
48947
17409
32687
8338
19591
12117
22154
23680
13874
38889
38406
7525
49393
27352
10934
45524
29537
25929
15067
44767
20141
16308
25803
34310
43399
496
3130
9611
2760
3313
45136
28544
45820
45881
1436
27376
15481
13898
21905
35926
42258
44715
9448
29728
34647
16184
29593
9956
36843
20701
27243
1841
33280
34130
49261
22528
33164
42415
37427
12029
15039
47974
5164
33327
1809
6227
47910
46802
12010
1806
18498
25056
9700
87
768
40596
155
1257
28982
40580
22106
32668
38442
1229
27023
26225
10145
33845
47193
35643
27939
31955
33635
20791
27907
15023
21423
16237
26231
16722
31805
49148
5969
48291
34748
7185
28849
14191
26008
860
28013
36425
28242
27191
4364
27420
39651
4233
7963
4004
20371
1654
24638
33161
21428
49945
47401
14148
248
36459
15570
47616
47612
4849
49901
1726
16052
32332
38463
35216
10241
42096
11160
4588
42067
33699
401
4305
28496
17864
45869
875
5416
10184
7031
4876
22720
17795
41424
4346
11221
41310
8193
38545
39654
25678
25898
22117
10019
37537
34752
34185
46651
43657
11118
46240
18151
6655
25267
38131
45096
17629
30198
9616
4540
10797
14076
30601
22164
47260
38614
33499
29269
13152
20258
7153
36290
12982
40409
5637
31142
33603
27958
25545
2090
24125
23288
2236
18894
21369
18880
34157
9031
2271
41689
1314
40575
22552
18689
9053
17703
9648
43216
32677
23207
4183
8791
44490
18487
45834
36956
24434
34491
2547
21748
24772
38808
20941
17687
14216
10886
14279
8775
7197
25466
31077
39469
872
14448
45140
12139
36382
44422
23597
25404
3490
49600
12265
18942
48688
20902
18272
28111
46770
13762
34144
21192
19157
40997
48836
3308
42836
11943
7834
37663
6751
11272
5771
2447
5834
11042
12475
45794
23748
17501
19199
37896
13029
32977
25743
9556
11388
49892
36343
36426
48592
6352
42244
3317
8754
5713
7132
49651
25355
49893
24341
45209
40966
13586
20
25078
24705
21878
11499
49550
30937
5722
8647
32894
15510
40516
38827
35271
37160
43511
10368
46
7442
23464
9608
9978
22299
5985
42324
37806
2406
8479
26233
46780
21011
43331
25348
15600
36333
22826
28549
1048
21406
45982
35724
2068
34340
24642
3090
9687
35480
23945
44040
38535
43466
396
43260
30819
47096
7100
39795
9381
43581
11241
4631
26904
26172
3459
31370
36828
12758
43857
36483
22702
40177
17537
40975
6266
45673
20550
12595
25220
9169
10810
16871
37225
14897
12725
22210
9112
15487
17707
13857
32122
33787
3958
8526
3044
33209
11167
10959
28002
30450
13252
27762
6654
48818
3414
3340
5426
14005
19463
12857
21157
45759
43874
44097
1751
33659
28825
29612
32065
23431
4566
35090
17868
16623
47288
48618
1159
3800
42759
36780
28613
45393
15761
24887
26964
21904
25954
10830
32658
8982
40514
10238
12753
22871
29006
14305
9541
46880
22796
24867
49290
34195
6838
7423
13944
18723
34135
21584
21311
4013
11196
3651
46355
10138
17634
34058
25159
38968
8674
21495
205
47852
27674
36163
8783
332
36195
32888
2567
4662
31580
27464
27
26056
45803
48382
14707
39238
43141
31164
32255
42160
16471
36208
42949
11514
24172
16093
6588
7183
45014
47211
46095
21628
1621
13471
23021
4574
44662
13268
33698
45610
14005
47530
15294
18326
42984
35535
30682
20395
46186
38554
20040
15441
25040
2564
42668
38961
25545
44700
48315
24907
34244
4128
16223
838
24876
38086
27084
26475
11777
46882
13598
33153
43489
1778
43692
37100
27593
4746
19121
43780
15056
17089
6998
46006
20018
37189
38493
28576
899
13232
36132
35445
29606
34092
10790
7506
29041
27147
15510
8094
903
37599
26762
15966
10260
15686
28722
27638
22458
49752
1644
13440
41834
22150
2112
29962
32537
22988
33571
46869
4323
46750
986
7808
7005
31499
4870
3564
35206
39847
1208
23135
16533
25180
41683
44955
31813
42580
36899
33858
26077
34569
31498
27719
47259
19872
3313
25453
9324
23814
40861
96
24869
20016
10687
49298
16761
28563
18926
47829
28959
26693
38498
30020
12685
45123
20171
5564
286
12167
6519
31247
11294
4088
12842
27137
33734
42548
20056
18583
29478
9214
44850
35810
49244
10646
5354
42349
39325
11328
7789
24634
18417
11041
12595
40595
17318
11073
41103
44617
14140
33531
36161
43510
39571
177
21871
20185
38074
2666
7999
24178
32067
19980
23662
17579
40286
41904
26473
33403
21276
30533
38627
41878
6176
5972
9499
24388
10345
18154
17514
9699
19968
29266
4148
28733
42949
4629
28829
39697
44925
10585
47508
42465
5669
23181
33843
41658
7907
4633
44238
30766
13894
21050
12276
6099
15327
4780
27818
24082
44067
9470
20698
23473
38185
43053
48325
8993
4401
13953
23898
7062
34712
47879
44363
20910
22867
22924
16384
20792
14097
9261
49918
7964
43525
17754
2894
14338
15664
8968
25149
33158
15157
42375
32746
27452
22324
6902
13507
18659
49212
20915
24288
19183
46073
8968
42318
4425
26472
36335
44352
44767
25626
33920
1594
8752
27201
49371
36997
8492
16823
31120
27009
49987
16126
19911
6969
29037
1130
46141
6423
27197
2038
22605
30900
17268
11876
44096
28979
31029
22312
31538
48232
14761
777
15278
34043
15159
46751
27910
16287
8373
30706
33154
48604
11771
39904
34306
35952
41931
20957
25840
27809
18603
19536
46135
40363
1575
28145
47870
48224
47669
2148
42530
24106
7777
42116
27602
34746
27031
3501
8369
31965
8705
35512
42052
13250
38276
23789
38985
27141
20233
26888
49416
39745
28131
1876
25966
17327
31652
41510
31702
32979
23060
2327
38889
6635
22769
17004
42185
15009
36718
13614
8153
32593
2287
13826
42853
13181
49227
15229
42416
21265
47028
37408
2165
22345
31084
29527
45182
12081
4629
43369
42530
45384
44088
41386
38646
21505
8184
39745
41765
23345
25063
9667
6568
39642
9284
28099
5409
20227
38818
14646
2514
43160
32617
39829
45173
46574
37797
6421
16869
16003
15445
28609
15130
4009
6118
37473
21357
34164
28314
14236
33000
30892
3838
28401
13198
22946
41178
35723
38765
8302
12453
2328
36051
3944
11842
45186
13057
46580
13939
4592
47420
44916
37912
7145
5614
36113
47639
39441
2426
21864
32501
28847
12634
12353
21024
9599
10551
39681
36854
39061
38321
2072
37463
27145
22232
32399
36488
38894
15846
29749
12289
21402
12545
27766
9605
23641
3542
31313
3055
19718
7675
9286
8275
5521
16546
12035
693
44401
25250
45331
13204
44879
13704
41259
42999
13564
43314
22522
43959
32822
26726
39695
23420
47420
9936
20187
25966
8835
32327
4343
25847
33448
24981
11358
3545
19894
29716
39932
33486
30353
23637
3776
39953
23523
16557
17205
23225
2927
10200
27878
28174
25249
13185
41747
8566
38298
6305
25150
29147
42158
11186
20148
41929
16561
6382
5408
6641
48223
8529
6153
49996
37613
24105
45664
37714
3209
24484
21242
4150
19430
31380
2574
46643
22979
13586
358
20093
27967
1444
25295
35371
14288
10459
30608
26388
35951
7989
29483
20405
34122
9093
21709
11972
39373
25156
33642
16861
10603
33389
47804
8943
17513
2730
3141
10174
22447
26633
18183
26096
41137
22792
841
19305
12829
43126
4478
23953
23022
25631
42184
15093
1253
941
29834
36136
13232
34488
34368
34183
37360
42384
10383
1131
39637
24370
30854
22514
26455
10594
1255
20051
7164
6652
24704
3297
31848
48946
25265
24157
48331
28629
3329
36022
9424
31337
39472
45820
2242
5111
46048
18295
3421
38013
5109
27892
8736
45592
21065
10776
37492
31654
20887
16923
32838
5062
48132
38296
30931
33897
27215
4145
25188
31627
10213
28164
12029
48265
24471
38108
31746
9378
1725
20819
47326
1021
22796
22096
48181
30945
32705
45167
43418
21176
26412
8431
32711
15802
22256
26442
33793
25921
30058
9457
48414
7145
33072
33654
31037
40031
44451
13204
11747
49399
10842
33903
16597
20896
2205
26079
49561
31680
29022
32327
474
6305
23123
43481
39274
6576
8320
34120
20650
11220
30989
3642
35180
35773
28667
31267
14912
10550
19898
27224
40336
32129
1790
16823
16232
21936
13394
47475
8287
15914
41316
10516
34853
47688
40321
41783
9566
15963
31990
40186
19207
1102
37211
32549
29476
12361
18871
27663
8102
15411
33934
670
19856
32086
12526
29707
21793
17554
38878
3725
31886
39896
48329
6229
28016
24145
32875
290
3414
39290
35997
19801
28505
40418
25264
16547
27269
46739
949
49711
16470
39525
47322
27361
35703
26205
21990
18974
49308
40543
26750
46126
21021
5692
31970
44179
34318
16535
18351
48504
10965
43731
10480
25643
17499
6530
41874
41337
30210
3447
49569
25903
20639
17862
29302
8208
44847
44469
1578
39232
4807
43133
37129
46374
37266
37390
26183
19364
24074
15510
35884
40809
3498
43725
17796
15478
14559
37687
2667
49362
43112
34018
13688
2316
46236
31313
23010
17455
8328
19113
42045
29968
31526
43074
6505
25724
40306
38155
42813
127
2133
23734
18474
19866
19751
37134
43544
22587
4228
46481
44318
14669
49575
9572
24985
19651
34555
35080
38899
6187
15966
46205
21668
962
37380
29555
22416
43563
17047
31380
4102
46909
16543
8584
12671
39565
39675
11310
7231
24944
12421
21054
1957
13729
42420
29736
9680
3341
9896
17539
47366
29388
48481
15479
24474
45134
38093
11038
13649
22033
30035
771
14719
26996
26326
17847
38102
35014
39695
3357
3992
16566
24794
29562
38530
872
21320
3236
38825
44797
7002
36975
4856
32230
26141
24509
16989
15586
17036
22869
5676
29928
7696
13801
5419
33703
40790
34751
37958
18771
32877
12893
37746
34632
15191
26682
30019
26584
47935
28340
16649
36125
1210
32841
26420
11747
24360
15840
31135
16081
46257
33115
20104
1114
19281
30243
24581
48443
26835
14818
16190
2504
19680
30315
49694
16099
9325
14699
46618
9446
37974
30952
39455
40005
10269
22685
14051
6443
22511
28001
29386
38230
7694
21743
22334
30926
43364
39336
23179
36087
25593
23849
16728
17050
49855
30547
46597
46196
37826
33831
29002
45897
12080
48055
27406
46970
48068
42569
20284
23899
6376
11507
15275
15657
35774
7128
35372
32726
41118
2557
41857
22877
12084
21135
34242
2577
32652
39535
979
20256
34400
7209
28052
2119
33293
26327
31884
16535
22386
836
32242
33961
34602
21942
13244
11792
32598
30441
17252
6298
37472
7391
32522
38687
49310
9125
5039
8490
7029
9229
13758
45167
11311
6734
23357
37083
6264
4412
37335
973
250
28919
21040
3725
8193
49533
44612
40539
14959
15041
15940
26874
22901
28314
41732
10821
48706
7097
8744
13764
39811
41266
41767
18236
31855
25931
39018
11886
30243
32493
8565
40357
47026
27706
776
19962
16849
6195
35690
17003
4934
16456
4490
19959
26926
28236
5195
46178
399
17918
44605
20307
35292
12891
1063
49681
43127
4612
3615
4039
22791
5995
43469
33020
23677
12212
33689
5649
19839
25361
35248
16252
15510
10092
26603
39734
10940
22841
15519
10127
7664
21083
27338
49646
45070
14612
36401
36232
23920
26475
234
985
7507
43746
42239
44478
20532
12452
20342
12419
48218
31671
20070
22346
38698
3030
29805
1500
22656
9332
45467
20416
18429
40620
29266
8209
40867
40544
22014
36703
33891
46430
4849
13648
25584
12708
33608
17658
2241
35154
42330
42199
33369
15756
28375
40862
21741
3500
48881
29057
37836
18172
26823
24096
33425
11308
14722
32379
5748
44448
31178
31338
47031
39309
36051
48455
26181
44266
38085
11320
2344
30371
12430
35950
11161
33360
11539
12824
31946
17228
44587
15913
31646
4851
3480
48873
5809
762
7066
10544
14613
32451
40233
15905
23442
31136
45529
25469
33734
15210
19293
45129
9793
533
5950
38123
36570
38802
16322
33854
20710
44337
44361
43421
47807
4171
34893
22253
42959
19482
45736
19367
2353
5222
15287
43821
7825
4749
6053
37024
47910
43390
38149
18847
5466
3158
46551
42823
7722
23171
25663
7857
48228
44946
1650
32352
44102
26776
11285
24217
32908
25127
10096
5481
28383
28830
31442
36637
36029
2849
19431
35972
336
48404
35032
25749
13335
20739
35172
18393
10673
48831
14144
1691
13807
10118
41608
12947
11187
32979
22737
45623
40417
33178
2826
9930
43837
45629
7533
22502
33625
46000
1707
1814
45776
49976
11180
3217
36819
11252
17333
28577
13253
23223
22159
3059
38669
10069
16532
49040
11262
33885
30943
9794
34562
1106
14004
47313
35779
28592
17891
47686
12852
28339
39910
8647
5137
27615
31413
8165
27674
32768
38731
9722
21567
3444
31286
49627
3416
10790
18253
39924
7904
44285
48935
38416
39251
46742
17400
47888
24961
30999
29250
49236
17499
14456
30645
31325
16525
15020
6876
41264
7661
25413
16331
22638
30770
44342
25611
12950
15460
38794
8875
6864
15766
22397
39591
24506
2288
26786
45378
26838
25639
37259
36636
10235
32472
27547
24866
38202
34592
35973
5205
47902
17486
14105
24788
38625
37760
428
46345
4416
34550
14872
36064
7206
44996
39895
48080
25293
21400
21817
48728
44055
21384
3864
3134
41768
23581
20154
6188
42399
35112
11957
13039
5328
26839
7131
15477
20037
39657
36424
31136
10351
33584
40751
43538
18606
16692
38025
41511
18182
18530
11156
49733
33033
46964
35459
30535
33510
36243
34892
44186
36701
49169
31545
18994
38318
33706
25007
31307
35586
14863
16877
23335
44703
26076
15091
37441
25009
40487
10379
11403
34698
4227
13979
23673
43760
41834
6657
20718
41719
27811
46705
29096
11442
43772
19814
10005
33028
43095
32127
11407
29650
36760
18330
316
33946
49847
10215
28602
35028
2932
27392
27082
14984
38735
44355
36138
14511
4380
48121
35165
824
41947
37865
22729
24040
10783
41492
42183
11528
38772
40843
20014
20023
31742
26273
17512
25166
38000
48503
13154
33818
12790
24021
25336
6129
34612
28911
45519
49551
32678
42602
42335
41460
29347
36591
25519
8260
42496
42259
22597
4550
21684
23776
29213
6275
11926
37418
74
27387
35270
26017
5554
2409
18464
18492
46969
42535
23691
26127
12351
44987
43867
22788
11555
44338
35272
28665
31904
3499
3292
11923
28852
16242
17603
11847
14883
3601
19183
28625
38901
36351
10461
3353
5759
32292
48030
2421
32253
352
40715
4851
15972
8628
36608
21442
48590
41531
5086
23604
20255
36787
27533
39026
3534
3429
23968
44052
8554
5917
30093
13187
33525
13752
22563
27054
34004
35794
41972
33920
19992
40385
19770
12084
41214
2621
43665
5192
22549
39673
43939
1851
7914
30590
33477
25040
48775
14799
45323
29044
44272
7313
47353
34498
25028
2914
42562
11142
38462
1309
48050
41850
17715
15908
18331
34370
2185
41957
39108
30304
21459
26100
42075
26174
14958
11671
44468
8881
30276
18593
33245
41945
37841
14440
38617
31444
25004
45103
4861
20549
38978
22237
20630
38000
12469
14812
4587
25640
37867
40488
40554
37515
5443
12179
3422
44741
47091
44249
22655
17908
34915
4152
40212
36470
28867
1899
26934
14293
14774
18119
13302
33255
40353
16699
23919
14620
2841
38481
31783
19363
46679
45837
45530
9842
3254
22650
40342
8844
27195
27727
43791
9766
15695
48994
47643
4659
26335
47360
11199
45441
15514
38276
2429
117
43613
21035
5595
5779
19182
32851
39832
24029
8065
41386
29479
155
34001
3904
24158
32962
29337
32812
22936
16965
4489
27034
15667
39930
49213
9852
38085
18305
3435
39970
47945
26413
17344
2677
30248
12524
43593
19346
3602
13847
2896
46421
16129
21162
12795
26475
29743
49103
49469
22359
15675
18835
829
43188
22624
20394
39312
29098
37187
16658
20463
14726
20424
1634
22586
41513
40985
19489
21288
5053
19079
28982
703
44964
9164
30031
43562
34314
30580
6640
14850
37459
17403
23795
40947
25210
34845
8900
20517
27063
15166
26618
37691
23649
39500
33553
6719
49161
31590
7030
38232
44342
29644
42902
32381
46121
32498
13567
31686
48437
19516
30827
15393
16615
3650
41566
31248
44025
22830
5919
7607
3611
23376
4207
27514
17947
27052
9169
32305
11690
38334
47119
36867
45021
2484
2303
7572
16265
33255
6762
37952
46847
47512
6657
14455
24696
35450
28818
5836
28924
38785
220
37838
19510
21505
49215
19921
37168
40402
11394
18201
36739
16363
47705
9102
1737
3894
17911
14098
23476
40022
31584
9269
45804
7445
41486
10846
30843
30415
8715
27921
37352
47183
47644
36286
35905
21971
48240
855
6262
48179
22078
5945
34353
40632
40252
27870
24837
24629
43763
10692
26856
27525
23789
7906
30868
22017
28127
45707
46182
38998
1152
23395
13727
1598
23501
25182
26058
33539
3699
34863
11964
31149
26840
18398
29901
9184
11228
15470
3688
31068
17048
2438
40894
41115
32826
23844
14465
4311
49533
12151
30841
47129
4363
7559
39066
38831
111
34823
23192
10758
12693
11371
41677
8376
34399
10185
3628
46172
46070
38648
11789
39952
18987
37046
23789
43819
48029
41789
41035
37038
22668
2121
47076
2766
21877
40363
10323
12495
39624
33141
528
46054
19021
22678
42803
38360
26461
9238
42428
36185
36431
32508
45427
7416
32719
30355
14713
40976
2220
24138
49298
15116
40221
20833
17018
7824
3821
37436
7576
46267
24957
41351
12965
46132
42346
22628
37957
4989
38172
29765
31877
3405
4372
1831
39764
33900
33970
49379
533
27917
8256
15158
45929
32345
15848
41997
21122
34388
43346
40399
5743
1464
38239
45990
29590
1190
31292
28882
10250
751
6403
26413
10675
20357
15898
24844
12439
47949
17644
17467
6446
20660
41634
13367
22460
12350
42720
18377
4105
5084
16736
16528
5394
11971
28511
32610
32915
47339
48468
14968
41127
7741
11425
27140
18128
26134
26394
49524
8836
21717
1040
17409
22721
33597
25331
9487
29576
711
15359
39217
5329
36446
3802
3785
49084
21758
32695
25486
1598
41329
15588
32226
26259
36321
2292
28091
27544
17554
36265
42759
22985
7828
5486
14096
5041
40719
28855
33704
8441
37803
47858
3028
34861
32546
6832
48285
41882
27628
11774
26878
49692
18388
16509
30723
43545
2665
2396
18452
21134
33915
1726
29450
10563
42247
8350
36960
46235
37043
11052
2434
11688
6535
22011
36486
27540
43616
37493
12407
19608
20450
35248
31412
12848
30657
41359
49157
19790
37931
39876
42219
37863
21777
14036
23381
36688
7032
11438
33384
14356
30591
46561
7548
35082
18433
43829
24315
43439
8831
15661
29925
47005
10993
2462
39241
1950
584
23138
41777
47376
8894
47467
24471
14743
44830
26980
6728
42244
40467
39464
12967
34104
32136
47
22219
45251
11493
17430
34948
46542
36285
25004
20016
30515
4365
35854
21921
45795
14952
3808
47574
22234
19366
5506
33702
26928
27597
40383
49208
39035
17066
46294
45142
38188
23953
1745
15540
44123
22720
5498
30995
19421
17744
17992
35285
49998
13377
7628
8407
20246
32524
12192
41896
18234
29156
45479
46097
26522
39740
11773
26207
10852
38358
28754
14800
42825
14695
32668
10585
24509
20809
34106
24725
24090
9181
32623
36584
7977
26339
33606
11570
20442
12667
21964
39746
35338
37717
47221
22784
23879
37312
36569
29124
17457
20900
22454
29468
35693
13218
10415
16576
35644
5011
13263
31277
39997
19193
38796
36646
27781
29994
18106
30632
24490
18139
43769
47343
30732
15912
48736
8004
29459
11193
14649
23615
33932
38556
3840
21995
26312
16043
3175
48414
35876
34182
16433
30131
39583
6466
43597
48453
20778
9484
24504
35798
41201
15575
49369
14092
25813
4887
35482
37687
37695
11853
47860
37797
22919
44203
7392
48112
539
22077
25660
43142
26897
8392
31408
36443
16691
29345
39955
6391
22949
35581
7510
21684
40278
244
5168
25427
43969
31214
4376
6601
43021
48440
46001
4838
20933
25994
45401
5561
21344
28477
7336
28511
42186
3147
4264
27639
46488
48369
1333
28080
15056
18309
11536
15641
49122
40630
24550
2227
26312
5799
26162
32643
43368
35149
28280
3005
17218
38587
42156
28199
46293
49541
17525
30831
41056
34539
3933
23245
49051
2284
49063
24262
25657
11116
39594
6357
17299
5413
48923
11859
4090
33743
22785
9380
12165
11552
17624
44689
4585
35634
21319
36891
1366
8545
44119
1727
49371
24121
5476
40701
31468
44298
31534
46149
5436
41373
33799
18084
46676
4443
5519
37471
6425
17920
41798
13361
23637
41441
10510
41279
14592
15948
28109
42572
25163
24535
10590
42781
830
32124
30266
11419
2303
36902
16329
13112
4902
7083
15548
21760
23880
12195
896
47941
877
19191
7907
4456
11646
16744
14551
27762
22910
5725
2558
48040
20670
22753
44203
6913
35477
15647
21645
43762
13788
47451
43751
42541
5498
19150
4712
16374
12442
20590
26264
22053
13464
3177
4398
13680
46881
13499
45413
20669
37500
40986
6536
39411
44424
46115
6329
378
34988
29455
25058
11615
22074
5389
30791
46008
37667
25789
35542
40433
20620
31509
31882
8806
28071
14082
14298
12149
40601
22649
7927
25510
21495
39010
21804
46230
1173
604
49677
29204
7953
30189
48409
3305
47371
38054
38987
29919
42636
38442
25499
35395
21462
8202
39005
18858
24848
7192
47367
8719
44359
38162
17900
45995
25732
34715
27237
17441
30140
30801
21472
30634
38321
27278
19204
46186
19244
20375
31427
18082
47513
47077
14740
44311
33084
7802
7111
1481
9972
15324
42818
25174
33309
11899
37236
32487
24147
21315
41243
8387
6023
18935
2853
47029
26600
26951
47447
21901
38911
43682
23391
19076
2529
19503
11833
39615
37895
20626
8087
43294
47363
26102
3220
45013
41782
10307
9460
16354
23569
47208
2029
18376
44709
9362
7782
31647
40299
39653
36982
42572
44737
15586
13083
34681
42594
9942
5722
39193
28443
9693
33108
28775
38884
44560
37841
11443
8458
44021
8847
35322
45696
1194
17677
31832
5092
1972
15067
6331
46157
47524
39559
33493
37748
36072
48262
37653
40152
34012
20858
19749
26574
17746
4158
41408
44697
26987
17211
36578
27136
35222
38685
43140
18745
24691
9956
22631
3385
43036
36654
27221
16206
37219
37908
25792
8928
25608
44092
38342
41561
39445
25220
27890
37304
19070
39888
15808
18451
45262
34909
49271
6332
4353
44908
10355
23659
29395
34619
39800
27593
25437
18028
17461
13021
1334
23830
42577
17717
6135
4870
2749
43626
17201
12483
31331
17923
31620
25087
254
16247
27133
40625
1317
4992
49432
22154
24292
12119
29820
49633
32200
7549
42737
24577
18868
13174
37893
19698
42977
46331
33845
21275
33194
25687
27897
36938
10900
24681
29946
35335
22712
40150
48226
17002
16092
4140
36192
34203
22527
14319
20067
33042
5220
49605
37288
11051
2082
25502
6274
26870
20895
28304
18166
36751
35987
22737
3864
34634
41507
36966
11463
46790
26696
29454
14144
21146
214
39687
42764
40513
46200
36271
35369
12619
12302
4526
14848
8765
44081
3054
43273
7790
42236
43579
43917
36870
48374
44152
37925
18685
15822
24645
9636
41984
26982
2828
36279
39851
38028
15740
39714
20857
6448
4933
30002
29285
2131
12175
2099
5564
38566
19835
47273
26888
25379
12790
31065
21539
43709
8322
47794
47010
20038
28142
20573
21875
44878
7976
19214
17442
6129
12339
20275
4685
31965
6099
38384
14495
9638
7947
35638
17597
29188
45234
22530
44988
16046
9942
6356
30296
36504
6319
46199
28693
15341
22921
46202
45081
20799
42317
29197
34687
9165
37743
13447
21535
2453
12549
43827
11884
9669
18921
34036
37605
28896
14441
21454
41474
3855
28571
32678
44917
38640
33045
1327
47431
25809
4785
4626
46519
37930
25539
44787
41307
20657
27015
42965
26155
42660
29418
49025
24031
4768
47512
37187
17542
8389
22467
46161
31958
27241
32527
30724
924
6238
14407
32781
13333
47430
45406
48539
6602
17390
48623
21918
25488
39915
43061
5450
36457
34898
17353
351
26844
32364
30411
29143
35323
9381
36479
13622
31585
24901
35420
32740
7576
28604
5333
2631
17539
1860
37809
24408
46540
11769
24873
46783
26535
47314
17747
41916
17109
32912
10946
34561
34999
41621
18871
12750
42302
19533
8742
4357
9065
13054
24171
28309
35535
36752
37478
43069
21265
20844
14018
8661
16784
45467
507
47813
22740
12150
42355
17321
25841
18465
41970
48852
6924
22138
5969
28525
13676
7949
47925
6739
29766
49693
9105
385
36022
609
39262
674
43071
22769
5684
45878
35886
10822
12646
39296
28659
12369
8472
35065
43226
31393
47616
671
2229
32097
30271
15219
14780
15039
5644
11847
40740
33822
41426
48220
4561
29233
48608
45616
36775
2892
17678
47103
7665
33128
2740
40156
32291
28682
41912
12924
42442
8776
13032
11345
30383
49830
38722
2258
36250
12767
22076
918
37403
29787
25405
33096
14283
22046
39182
26711
43432
27325
5402
43342
34596
44303
26697
8324
2586
28031
9975
5855
40586
24276
20251
32212
31460
1775
15999
5129
13063
11696
38459
12056
30490
47232
8094
48007
31511
24337
38540
18253
36348
15642
41791
21878
42822
19672
14830
9361
29694
32356
45582
36575
40888
33303
7207
13713
19396
11011
46934
31776
39460
4233
43856
25461
1326
12236
43101
43927
18220
28206
31010
16371
3833
31450
40185
45786
26128
11660
14153
10342
32052
38720
1947
15298
19280
12282
19713
14502
41805
21936
1043
40411
7273
19880
18309
45434
37350
30682
17917
9934
11490
37302
43216
31250
39816
37108
11202
49755
44413
25163
13350
9171
21390
14567
11705
3107
38808
42726
16960
24087
45892
22325
25314
10320
12514
21566
32987
16727
23896
48145
41851
45297
24969
7969
13889
8714
12888
32817
5539
21860
15066
40531
23160
12536
20778
35164
40463
4293
38127
27472
9398
17243
48999
3946
39123
22335
44489
44502
35383
25972
24491
13443
17241
43233
40294
13668
40860
42737
40300
30196
47636
36250
5972
35956
28786
21887
11193
38624
43327
49498
20605
8953
1202
3691
43747
35153
10200
2918
24861
23551
3747
47310
20179
40214
39175
45618
40869
7623
30545
23153
21109
33719
20659
42755
9234
19995
38949
10265
16432
39541
47815
18154
19887
48176
4698
40075
3924
1132
41280
22252
1503
37571
37245
2125
10995
49170
38046
15878
32660
30272
14489
37720
17392
45344
17450
47677
19785
31883
32309
3289
45958
14791
30578
35305
16390
19422
17089
1530
37730
16436
9249
27554
48542
43533
3775
40673
45735
17872
9729
41316
8735
21994
27326
44437
21689
2833
14158
35681
23007
20215
37373
35
12720
9197
40628
21175
34497
11033
25204
43910
46513
32750
44424
8324
35079
10995
13719
6259
48755
47165
31969
34642
6036
14240
33976
21190
9794
19069
40457
32099
5418
15290
17382
19208
20331
35701
20830
13819
30591
16218
47475
13282
19289
10086
42908
9496
5990
48744
39646
45884
48711
17970
20904
20758
36853
3696
25071
18749
45239
18395
49635
49587
4774
23734
16420
21849
40063
12434
42700
27137
38048
10896
22193
48939
13538
39978
49687
4543
25839
24996
43316
48307
34623
36156
497
4458
29305
24727
44331
12639
31892
6375
38972
6239
202
46261
33033
10362
30364
39279
41054
2573
49210
49538
23580
49491
3158
30372
36474
41781
28543
7062
9723
25744
12287
43207
18629
40276
38687
13001
14007
30053
49266
25210
2761
27629
33540
23570
26045
8686
21016
46356
34106
16349
20332
39581
14187
15111
9085
10723
30105
14047
31292
47907
42907
48105
32452
23223
16046
49705
295
28826
13505
4947
38964
26394
25385
49269
33437
27663
26770
17951
43896
37909
33249
22952
11145
41707
36248
19498
11431
13392
39151
21279
38397
33084
11740
21842
10067
21445
34296
14044
33850
10896
30368
43254
2361
150
26708
2168
33858
31407
44144
42260
34016
49487
38273
14754
27212
13980
39309
27910
9260
2001
21638
22730
47034
26898
2917
1021
7496
8174
30411
9543
28203
1311
10820
34415
25332
20553
741
16506
14849
1817
21967
5358
26350
32835
33146
32342
17765
29475
37102
27585
26328
49193
30940
1598
1988
43683
15661
4588
38277
36202
17246
18856
4195
839
845
26219
46019
10932
13808
24687
22173
10833
42942
33198
12468
9508
34383
14981
8305
6045
46962
37393
3159
17354
3454
23045
14578
42028
4982
15981
44024
21401
26169
2610
15550
31918
36781
45636
18432
22397
1334
35305
3333
45723
23799
18913
20334
32813
6948
14449
23548
13915
24969
35764
340
15450
32833
35055
27064
36264
111
2255
31505
43664
18469
32018
47502
32411
44964
25034
30375
28102
37926
28861
26297
40436
28328
5101
42356
45058
11755
19158
31833
24515
17304
27089
4917
36549
1386
11953
35081
28171
21255
26398
15348
10943
260
49052
33700
24351
